================================================================================
SHIPS PER YEAR - TIMBER TRADES JOURNAL DATASET
================================================================================

Total records: 160,655
Records with arrival year: 159,896

================================================================================
SHIPS BY PUBLICATION YEAR
================================================================================

Year            Ships
----------------------
1874            3,462
1875            3,969
1876               73
1877            4,751
1878               72
1879            7,211
1880              549
1881           13,175
1882              177
1883           15,598
1884              728
1885           14,278
1886              278
1887           13,612
1888              278
1889           15,173
1890              544
1891           12,802
1892              686
1893           11,177
1895           12,210
1896              319
1897           13,272
1898              778
1899           14,750
----------------------
TOTAL         159,922

================================================================================
SHIPS BY ARRIVAL YEAR (where recorded)
================================================================================

Year            Ships
----------------------
1874            3,462
1875            3,969
1876               73
1877            4,751
1878               72
1879            7,211
1880              549
1881           13,175
1882              177
1883           15,598
1884              728
1885           14,278
1886              278
1887           13,612
1888              278
1889           15,173
1890              544
1891           12,793
1892              686
1893           11,177
1895           12,193
1896              319
1897           13,272
1898              778
1899           14,750
----------------------
TOTAL         159,896

